# Deep-search rows left unsearched when a batch's budget ran out.
# Corpus line numbers against the original 39,269-line corpus.
# batch_w004:
3928
3929
3930
19893
19899
19900
19902
19905
19906
19908
19909
19911
19913
19914
# batch_w012: left unsearched when the seven-day usage limit stopped the run at 08:58Z
26528
26529
26533
26534
26543
26544
26545
26548
26550
26551
30604
30606
30609
30610
30611
30613
30616
30618
30621
10795
10797
10804
10806
10807
10810
10813
10814
10816
3280
3284
3285
3287
3288
3289
3291
3292
3293
21301
21302
21304
21305
21307
21308
21309
21310
21311
19657
19661
19663
19664
19665
19668
19669
19671
19673
12659
12664
12667
12669
12672
12674
12675
12677
12679
26343
26344
26347
26351
26353
26355
26357
26360
26363
38110
38111
38112
38115
38117
38121
38127
38133
38134
37956
37958
37960
37969
37972
37973
37975
37977
37980
13269
13273
13274
13275
13276
13277
13278
13281
13282
1250
1252
1253
1254
1259
1260
1268
1270
1273
14040
14041
14048
14049
14051
14056
14057
14058
14060
23290
23292
23297
23298
23299
23300
23301
23303
23305
36046
36048
36049
36050
36053
36054
36055
36056
36057
13673
13674
13675
13677
13678
13680
13684
13687
13689
15195
15199
15202
15206
15208
